État de la
État du
population
parc voiture
au 31 décembre
au 31 décembre
1980
6 335 243
2 246 752
1981
6 372 904
2 394 455
1982
6 409 713
2 473 318
1983
6 427 833
2 520 610
1984
6 455 896
2 552 132
1985
6 484 834
2 617 164
1986
6 523 413
2 678 911
1987
6 566 799
2 732 720
1988
6 619 973
2 819 548
1989
6 673 850
2 895 842
1990
6 750 693
2 985 397
1991
6 842 768
3 057 798
1992
6 907 959
3 091 228
1993
6 968 570
3 109 523
1994
7 019 019
3 165 042
1995
7 062 354
3 229 176
1996
7 081 346
3 268 093
1997
7 096 465
3 323 455
1998
7 123 537
3 383 307
1999
7 164 444
3 467 311
2000
7 204 055
3 545 247
2001
7 255 653
3 629 713
2002
7 313 853
3 700 951
2003
7 364 148
3 753 890
2004
7 415 102
3 811 351
2005
7 459 128
3 861 442
2006
7 508 739
3 900 014
2007
7 593 494
3 955 787
2008
7 701 856
3 989 811
2009
7 785 806
4 009 602
2010
7 864 012
4 075 825
2011
7 954 662
4 163 003
2012
8 039 060
4 254 725
2013
8 139 631
4 320 885
2014
8 237 666
4 384 490
2015
8 327 126
4 458 069
2016
8 419 550
4 524 029
2017
8 484 130
4 570 823
2018
8 544 527
4 602 688
2019
8 606 033
4 623 952
2020
8 670 300
4 658 335
Sources : Office fédéral de la statistique (OFS),
-
1 000 000
2 000 000
3 000 000
4 000 000
5 000 000
6 000 000
7 000 000
8 000 000
9 000 000
10 000 000
1980 1981 1982 1983 1984 1985 1986 1987 1988 1989 1990 1991 1992 1993 1994 1995 1996 1997 1998 1999 2000 2001 2002 2003 2004 2005 2006 2007 2008 2009 2010 2011 2012 2013 2014 2015 2016 2017 2018 2019 2020
Population - Voitures de tourisme
+ 36.5%
+ 105%
